Lenght Selection Bubble Insertion Quick
10 55 45 19 22
10 55 45 23 25
10 55 45 27 25
10 55 45 28 22
10 55 45 20 29
10 55 45 23 40
10 55 45 21 20
10 55 45 19 20
10 55 45 14 32
10 55 45 13 20
10 55 45 25 22
10 55 45 14 19
10 55 45 25 22
10 55 45 31 30
10 55 45 20 19
20 210 190 96 59
20 210 190 101 76
20 210 190 87 64
20 210 190 85 66
20 210 190 134 63
20 210 190 110 65
20 210 190 84 70
20 210 190 118 67
20 210 190 71 83
20 210 190 102 61
20 210 190 101 77
20 210 190 65 75
20 210 190 107 71
20 210 190 111 62
20 210 190 82 95
30 465 435 265 198
30 465 435 200 129
30 465 435 216 126
30 465 435 243 111
30 465 435 234 114
30 465 435 153 129
30 465 435 226 119
30 465 435 219 110
30 465 435 293 123
30 465 435 238 128
30 465 435 258 117
30 465 435 212 134
30 465 435 230 113
30 465 435 248 115
30 465 435 288 135
40 820 780 408 185
40 820 780 389 164
40 820 780 409 223
40 820 780 317 222
40 820 780 364 216
40 820 780 403 181
40 820 780 432 176
40 820 780 486 217
40 820 780 406 176
40 820 780 422 186
40 820 780 383 166
40 820 780 366 172
40 820 780 346 217
40 820 780 390 182
40 820 780 384 169
50 1275 1225 566 266
50 1275 1225 675 250
50 1275 1225 692 252
50 1275 1225 533 258
50 1275 1225 507 256
50 1275 1225 686 254
50 1275 1225 687 275
50 1275 1225 518 323
50 1275 1225 609 283
50 1275 1225 632 238
50 1275 1225 548 276
50 1275 1225 532 269
50 1275 1225 672 273
50 1275 1225 700 222
50 1275 1225 663 257
60 1830 1770 853 322
60 1830 1770 914 331
60 1830 1770 885 312
60 1830 1770 993 370
60 1830 1770 910 302
60 1830 1770 803 322
60 1830 1770 846 307
60 1830 1770 956 355
60 1830 1770 887 306
60 1830 1770 874 349
60 1830 1770 851 347
60 1830 1770 818 341
60 1830 1770 962 286
60 1830 1770 910 376
60 1830 1770 882 381
70 2485 2415 1406 456
70 2485 2415 1061 395
70 2485 2415 1229 415
70 2485 2415 1275 391
70 2485 2415 1152 359
70 2485 2415 976 479
70 2485 2415 1152 446
70 2485 2415 1237 411
70 2485 2415 1206 373
70 2485 2415 1185 461
70 2485 2415 1285 354
70 2485 2415 1191 392
70 2485 2415 1097 432
70 2485 2415 1357 416
70 2485 2415 1216 371
80 3240 3160 1827 480
80 3240 3160 1656 458
80 3240 3160 1922 443
80 3240 3160 1690 481
80 3240 3160 1622 510
80 3240 3160 1445 457
80 3240 3160 1596 499
80 3240 3160 1604 485
80 3240 3160 1232 446
80 3240 3160 1707 415
80 3240 3160 1624 423
80 3240 3160 1443 466
80 3240 3160 1640 502
80 3240 3160 1544 490
80 3240 3160 1656 559
90 4095 4005 2041 666
90 4095 4005 2028 558
90 4095 4005 1828 566
90 4095 4005 1873 551
90 4095 4005 1907 555
90 4095 4005 2058 544
90 4095 4005 2182 616
90 4095 4005 1740 613
90 4095 4005 1814 700
90 4095 4005 1855 679
90 4095 4005 2050 573
90 4095 4005 2194 673
90 4095 4005 1840 544
90 4095 4005 2032 546
90 4095 4005 1998 636
100 5050 4950 2564 560
100 5050 4950 2376 631
100 5050 4950 2650 696
100 5050 4950 2870 727
100 5050 4950 2554 705
100 5050 4950 2465 639
100 5050 4950 2786 660
100 5050 4950 2476 611
100 5050 4950 2624 640
100 5050 4950 2367 633
100 5050 4950 2696 650
100 5050 4950 2587 603
100 5050 4950 2362 775
100 5050 4950 2583 617
100 5050 4950 2463 650
110 6105 5995 2896 788
110 6105 5995 3083 671
110 6105 5995 3349 904
110 6105 5995 3155 791
110 6105 5995 3074 625
110 6105 5995 2658 664
110 6105 5995 3112 746
110 6105 5995 2961 893
110 6105 5995 2896 721
110 6105 5995 3057 801
110 6105 5995 3397 685
110 6105 5995 3334 802
110 6105 5995 2963 606
110 6105 5995 3014 747
110 6105 5995 3146 685
120 7260 7140 3529 785
120 7260 7140 3474 945
120 7260 7140 3503 748
120 7260 7140 3758 818
120 7260 7140 3607 1090
120 7260 7140 3732 1001
120 7260 7140 3966 1016
120 7260 7140 3185 856
120 7260 7140 3699 976
120 7260 7140 3603 880
120 7260 7140 3861 778
120 7260 7140 3658 809
120 7260 7140 3651 831
120 7260 7140 3840 859
120 7260 7140 3826 919
130 8515 8385 4750 969
130 8515 8385 4208 943
130 8515 8385 3363 1116
130 8515 8385 3959 949
130 8515 8385 3528 867
130 8515 8385 4432 808
130 8515 8385 4240 860
130 8515 8385 4544 886
130 8515 8385 4115 837
130 8515 8385 4387 858
130 8515 8385 4101 892
130 8515 8385 4242 1016
130 8515 8385 4049 804
130 8515 8385 4019 1010
130 8515 8385 4233 834
140 9870 9730 4637 959
140 9870 9730 4912 1035
140 9870 9730 5034 942
140 9870 9730 4991 994
140 9870 9730 4364 899
140 9870 9730 5065 948
140 9870 9730 4486 1144
140 9870 9730 4462 1012
140 9870 9730 4905 901
140 9870 9730 4832 894
140 9870 9730 4535 1051
140 9870 9730 4691 1033
140 9870 9730 4900 936
140 9870 9730 5233 1062
140 9870 9730 4964 1078
150 11325 11175 5153 1189
150 11325 11175 5184 1169
150 11325 11175 5119 1307
150 11325 11175 5759 934
150 11325 11175 5410 986
150 11325 11175 5673 1027
150 11325 11175 5742 1011
150 11325 11175 5188 1234
150 11325 11175 5728 1102
150 11325 11175 5310 1072
150 11325 11175 5260 1036
150 11325 11175 5119 1334
150 11325 11175 5376 974
150 11325 11175 5559 1040
150 11325 11175 5939 1113
160 12880 12720 6223 1080
160 12880 12720 6609 1059
160 12880 12720 5511 1024
160 12880 12720 6341 1207
160 12880 12720 6482 1076
160 12880 12720 6217 1113
160 12880 12720 5923 1064
160 12880 12720 6544 1120
160 12880 12720 6184 1238
160 12880 12720 6219 1208
160 12880 12720 6448 1149
160 12880 12720 6915 1208
160 12880 12720 6252 1130
160 12880 12720 6557 1100
160 12880 12720 5721 1234
170 14535 14365 7396 1298
170 14535 14365 6991 1219
170 14535 14365 6979 1373
170 14535 14365 7536 1258
170 14535 14365 6551 1360
170 14535 14365 7400 1354
170 14535 14365 6800 1201
170 14535 14365 7287 1118
170 14535 14365 7395 1187
170 14535 14365 7164 1290
170 14535 14365 6801 1171
170 14535 14365 7639 1543
170 14535 14365 7302 1202
170 14535 14365 7522 1420
170 14535 14365 7433 1546
180 16290 16110 8242 1369
180 16290 16110 8244 1322
180 16290 16110 7887 1324
180 16290 16110 7723 1271
180 16290 16110 7882 1407
180 16290 16110 7539 1688
180 16290 16110 8000 1483
180 16290 16110 8060 1314
180 16290 16110 8428 1318
180 16290 16110 7747 1396
180 16290 16110 7720 1438
180 16290 16110 8869 1243
180 16290 16110 8608 1193
180 16290 16110 7901 1260
180 16290 16110 8376 1330
190 18145 17955 8902 1512
190 18145 17955 8670 1323
190 18145 17955 9272 1599
190 18145 17955 8886 1623
190 18145 17955 9201 1304
190 18145 17955 9152 1515
190 18145 17955 9406 1389
190 18145 17955 8284 1383
190 18145 17955 9562 1382
190 18145 17955 8936 1565
190 18145 17955 8799 1577
190 18145 17955 9538 1503
190 18145 17955 9073 1451
190 18145 17955 9206 1339
190 18145 17955 9457 1378
200 20100 19900 10010 1371
200 20100 19900 9842 1565
200 20100 19900 10156 1489
200 20100 19900 10481 1519
200 20100 19900 9551 1529
200 20100 19900 9415 1534
200 20100 19900 10695 1643
200 20100 19900 9876 1443
200 20100 19900 10006 1564
200 20100 19900 10350 1907
200 20100 19900 9653 1667
200 20100 19900 10111 1501
200 20100 19900 10539 1529
200 20100 19900 10703 1571
200 20100 19900 10549 1606
210 22155 21945 10392 1656
210 22155 21945 10728 1673
210 22155 21945 10586 1741
210 22155 21945 11323 1708
210 22155 21945 10532 1497
210 22155 21945 11481 1505
210 22155 21945 10618 1651
210 22155 21945 10705 1537
210 22155 21945 10844 1604
210 22155 21945 9495 1451
210 22155 21945 11069 1683
210 22155 21945 11221 1600
210 22155 21945 11630 1751
210 22155 21945 11068 1625
210 22155 21945 11933 1632
220 24310 24090 12310 1779
220 24310 24090 12841 1734
220 24310 24090 11679 1678
220 24310 24090 11973 1859
220 24310 24090 10629 1708
220 24310 24090 12431 1602
220 24310 24090 12743 1757
220 24310 24090 11752 1624
220 24310 24090 10914 1747
220 24310 24090 13179 1628
220 24310 24090 12316 1686
220 24310 24090 12065 1954
220 24310 24090 12105 1992
220 24310 24090 12393 2057
220 24310 24090 12307 1780
230 26565 26335 13185 1860
230 26565 26335 12848 1873
230 26565 26335 13719 1921
230 26565 26335 11822 1902
230 26565 26335 13413 2016
230 26565 26335 12743 1910
230 26565 26335 13278 1835
230 26565 26335 13587 1883
230 26565 26335 13735 1847
230 26565 26335 13784 1802
230 26565 26335 13019 1821
230 26565 26335 13778 1793
230 26565 26335 12729 1739
230 26565 26335 13186 1801
230 26565 26335 13015 1848
240 28920 28680 15366 2012
240 28920 28680 13978 2017
240 28920 28680 14747 1944
240 28920 28680 15252 1889
240 28920 28680 14295 2004
240 28920 28680 13768 2087
240 28920 28680 15001 1700
240 28920 28680 14788 1911
240 28920 28680 14652 2132
240 28920 28680 14919 1754
240 28920 28680 14686 2107
240 28920 28680 13480 1978
240 28920 28680 13015 1923
240 28920 28680 13749 1954
240 28920 28680 15021 1959
250 31375 31125 15589 1981
250 31375 31125 16537 1953
250 31375 31125 16060 1848
250 31375 31125 15933 1936
250 31375 31125 15347 2078
250 31375 31125 14978 1864
250 31375 31125 15610 2036
250 31375 31125 15067 2059
250 31375 31125 15134 2115
250 31375 31125 15070 1903
250 31375 31125 15551 2012
250 31375 31125 15846 2013
250 31375 31125 15346 1915
250 31375 31125 16708 2130
250 31375 31125 15206 1896
260 33930 33670 17162 2037
260 33930 33670 15705 2080
260 33930 33670 15521 2151
260 33930 33670 16338 2117
260 33930 33670 17635 2171
260 33930 33670 16703 2023
260 33930 33670 17471 1942
260 33930 33670 16282 2101
260 33930 33670 16181 2238
260 33930 33670 17006 1949
260 33930 33670 17041 2043
260 33930 33670 16627 2220
260 33930 33670 17693 2211
260 33930 33670 15915 2681
260 33930 33670 17055 2058
270 36585 36315 18334 2651
270 36585 36315 18052 2263
270 36585 36315 17617 2311
270 36585 36315 18504 1969
270 36585 36315 17980 2096
270 36585 36315 18315 2225
270 36585 36315 17767 2129
270 36585 36315 17945 2082
270 36585 36315 18407 2150
270 36585 36315 18664 2368
270 36585 36315 18152 2282
270 36585 36315 19318 2375
270 36585 36315 18109 2172
270 36585 36315 18127 2412
270 36585 36315 17873 2545
280 39340 39060 18913 2194
280 39340 39060 18659 2564
280 39340 39060 19727 2498
280 39340 39060 18586 2462
280 39340 39060 19566 2456
280 39340 39060 19993 2359
280 39340 39060 19196 2499
280 39340 39060 19227 2497
280 39340 39060 19284 2404
280 39340 39060 19677 2435
280 39340 39060 20472 2417
280 39340 39060 19030 2405
280 39340 39060 19272 2133
280 39340 39060 19651 2402
280 39340 39060 18833 2387
290 42195 41905 21395 2560
290 42195 41905 20823 2438
290 42195 41905 20865 2349
290 42195 41905 20577 2355
290 42195 41905 22115 2588
290 42195 41905 20562 2376
290 42195 41905 20951 2311
290 42195 41905 20708 2390
290 42195 41905 20223 2459
290 42195 41905 20603 2334
290 42195 41905 21771 2760
290 42195 41905 20918 2566
290 42195 41905 21700 2687
290 42195 41905 20194 2492
290 42195 41905 19831 2502
300 45150 44850 23868 2505
300 45150 44850 21939 2660
300 45150 44850 22253 2375
300 45150 44850 22203 2477
300 45150 44850 23226 2249
300 45150 44850 22815 2547
300 45150 44850 22641 2915
300 45150 44850 21614 2268
300 45150 44850 21477 2571
300 45150 44850 24458 2442
300 45150 44850 22450 2865
300 45150 44850 22891 2694
300 45150 44850 21814 3001
300 45150 44850 22219 2504
300 45150 44850 22245 2403
310 48205 47895 23865 2905
310 48205 47895 23534 2732
310 48205 47895 23190 2533
310 48205 47895 23698 2762
310 48205 47895 23086 2550
310 48205 47895 24089 2949
310 48205 47895 23513 2389
310 48205 47895 23660 2630
310 48205 47895 22936 2489
310 48205 47895 23376 2633
310 48205 47895 24095 2877
310 48205 47895 21891 2957
310 48205 47895 23944 2501
310 48205 47895 23895 2543
310 48205 47895 24562 2489
320 51360 51040 25583 2631
320 51360 51040 25742 2908
320 51360 51040 26328 2810
320 51360 51040 25742 2678
320 51360 51040 25500 2770
320 51360 51040 25801 2546
320 51360 51040 26411 3210
320 51360 51040 24899 2543
320 51360 51040 25470 2761
320 51360 51040 26464 2556
320 51360 51040 26449 3364
320 51360 51040 25232 3672
320 51360 51040 24873 2874
320 51360 51040 24991 2783
320 51360 51040 24417 2681
330 54615 54285 28044 3064
330 54615 54285 28168 2831
330 54615 54285 26948 2737
330 54615 54285 26533 3157
330 54615 54285 26934 3393
330 54615 54285 26129 3041
330 54615 54285 29986 3245
330 54615 54285 26150 2993
330 54615 54285 28781 2945
330 54615 54285 27127 2764
330 54615 54285 26714 2774
330 54615 54285 27950 2722
330 54615 54285 28481 2727
330 54615 54285 25776 2845
330 54615 54285 26588 2608
340 57970 57630 30502 3414
340 57970 57630 28352 3169
340 57970 57630 28683 2944
340 57970 57630 30795 2905
340 57970 57630 27661 3057
340 57970 57630 30161 2935
340 57970 57630 28170 2745
340 57970 57630 29147 2880
340 57970 57630 30108 2723
340 57970 57630 29619 2779
340 57970 57630 28064 3373
340 57970 57630 29506 2974
340 57970 57630 28069 3691
340 57970 57630 28562 2728
340 57970 57630 28524 2806
350 61425 61075 30014 2967
350 61425 61075 29337 3768
350 61425 61075 30669 2965
350 61425 61075 30279 2928
350 61425 61075 29122 3146
350 61425 61075 28522 2982
350 61425 61075 30156 3117
350 61425 61075 31308 2917
350 61425 61075 31719 2825
350 61425 61075 32337 2775
350 61425 61075 30436 3445
350 61425 61075 32436 2899
350 61425 61075 31742 3017
350 61425 61075 30847 2906
350 61425 61075 30046 3021
360 64980 64620 33537 3133
360 64980 64620 32501 3064
360 64980 64620 30560 3245
360 64980 64620 31155 3213
360 64980 64620 31921 3164
360 64980 64620 32266 3427
360 64980 64620 32322 2979
360 64980 64620 31283 2973
360 64980 64620 31653 3149
360 64980 64620 31502 3718
360 64980 64620 31946 3121
360 64980 64620 31486 3505
360 64980 64620 30571 3263
360 64980 64620 33469 3557
360 64980 64620 32409 3320
370 68635 68265 34046 2968
370 68635 68265 33303 2978
370 68635 68265 36291 3280
370 68635 68265 34119 3561
370 68635 68265 35037 3103
370 68635 68265 33645 3541
370 68635 68265 35140 3262
370 68635 68265 34202 3160
370 68635 68265 32695 3123
370 68635 68265 35164 3369
370 68635 68265 34711 3538
370 68635 68265 35431 2995
370 68635 68265 33213 3195
370 68635 68265 33295 3857
370 68635 68265 34142 3113
380 72390 72010 36258 3469
380 72390 72010 38663 3596
380 72390 72010 36928 3481
380 72390 72010 37121 3343
380 72390 72010 36207 3485
380 72390 72010 34177 3399
380 72390 72010 36368 3193
380 72390 72010 35278 3923
380 72390 72010 34923 3471
380 72390 72010 36016 3710
380 72390 72010 34630 3488
380 72390 72010 36570 3861
380 72390 72010 34467 3170
380 72390 72010 35205 3730
380 72390 72010 37192 3158
390 76245 75855 36709 3316
390 76245 75855 38519 3183
390 76245 75855 39365 3702
390 76245 75855 36521 3738
390 76245 75855 37954 4062
390 76245 75855 39549 3549
390 76245 75855 36996 3328
390 76245 75855 39365 3635
390 76245 75855 38701 3631
390 76245 75855 35258 3600
390 76245 75855 39262 3565
390 76245 75855 36976 3594
390 76245 75855 36008 3919
390 76245 75855 36392 3789
390 76245 75855 37602 3853
400 80200 79800 39148 3577
400 80200 79800 43566 4096
400 80200 79800 42704 3918
400 80200 79800 38873 3481
400 80200 79800 41378 3891
400 80200 79800 39083 3682
400 80200 79800 41425 3484
400 80200 79800 39716 3884
400 80200 79800 38552 3372
400 80200 79800 40473 4246
400 80200 79800 39323 3374
400 80200 79800 41713 3343
400 80200 79800 37007 3360
400 80200 79800 38949 4050
400 80200 79800 41054 3729
410 84255 83845 39786 3905
410 84255 83845 40308 3481
410 84255 83845 41053 3888
410 84255 83845 42507 3710
410 84255 83845 41181 3634
410 84255 83845 42871 3682
410 84255 83845 42538 3698
410 84255 83845 43282 3437
410 84255 83845 42092 3564
410 84255 83845 41289 3695
410 84255 83845 40691 3711
410 84255 83845 42268 4077
410 84255 83845 40404 3832
410 84255 83845 39926 4038
410 84255 83845 42004 3535
420 88410 87990 41712 4114
420 88410 87990 43079 3763
420 88410 87990 40040 3830
420 88410 87990 44228 3601
420 88410 87990 42841 3653
420 88410 87990 44413 4033
420 88410 87990 44310 3665
420 88410 87990 44974 4349
420 88410 87990 42916 4039
420 88410 87990 43907 3878
420 88410 87990 45134 3812
420 88410 87990 46083 3544
420 88410 87990 43304 3982
420 88410 87990 43209 3746
420 88410 87990 43650 4187
430 92665 92235 45990 4040
430 92665 92235 45061 4111
430 92665 92235 49748 4103
430 92665 92235 46239 3641
430 92665 92235 43786 4425
430 92665 92235 46212 3824
430 92665 92235 46683 3841
430 92665 92235 45496 4568
430 92665 92235 46665 4170
430 92665 92235 45463 4182
430 92665 92235 45815 4118
430 92665 92235 44119 4048
430 92665 92235 46340 4423
430 92665 92235 45402 3960
430 92665 92235 47342 4007
440 97020 96580 49143 4051
440 97020 96580 45440 4085
440 97020 96580 49582 4484
440 97020 96580 47508 4236
440 97020 96580 49205 4201
440 97020 96580 49234 4218
440 97020 96580 45342 3918
440 97020 96580 49358 3713
440 97020 96580 49833 3861
440 97020 96580 49959 3995
440 97020 96580 46248 4413
440 97020 96580 46895 4323
440 97020 96580 45808 4228
440 97020 96580 49480 4665
440 97020 96580 48384 4258
450 101475 101025 51929 4369
450 101475 101025 49971 4325
450 101475 101025 48711 4595
450 101475 101025 52851 4019
450 101475 101025 49022 3930
450 101475 101025 50208 3988
450 101475 101025 51424 4710
450 101475 101025 50079 4451
450 101475 101025 50012 4600
450 101475 101025 51950 3837
450 101475 101025 51476 3939
450 101475 101025 50306 4849
450 101475 101025 51516 3772
450 101475 101025 50764 4464
450 101475 101025 51732 4343
460 106030 105570 51322 4216
460 106030 105570 53685 4094
460 106030 105570 51421 4016
460 106030 105570 51945 4027
460 106030 105570 52758 4451
460 106030 105570 54202 4225
460 106030 105570 55668 4595
460 106030 105570 52727 4152
460 106030 105570 50877 4554
460 106030 105570 52625 4110
460 106030 105570 52890 4222
460 106030 105570 54222 4263
460 106030 105570 52629 4434
460 106030 105570 51480 4203
460 106030 105570 51812 4345
470 110685 110215 58704 4602
470 110685 110215 55692 5332
470 110685 110215 54108 4230
470 110685 110215 55399 4342
470 110685 110215 56267 4735
470 110685 110215 53964 4991
470 110685 110215 54688 4828
470 110685 110215 54812 4079
470 110685 110215 51801 4555
470 110685 110215 56349 5210
470 110685 110215 53423 4653
470 110685 110215 54531 4238
470 110685 110215 57163 4454
470 110685 110215 49637 4416
470 110685 110215 55041 4892
480 115440 114960 57214 4599
480 115440 114960 58759 4261
480 115440 114960 56019 4285
480 115440 114960 56693 4663
480 115440 114960 54544 4623
480 115440 114960 59011 4484
480 115440 114960 58056 4242
480 115440 114960 56292 4709
480 115440 114960 56004 4939
480 115440 114960 56182 4910
480 115440 114960 53201 4408
480 115440 114960 56488 4500
480 115440 114960 57739 5003
480 115440 114960 60687 4536
480 115440 114960 56087 4768
490 120295 119805 59482 4904
490 120295 119805 63428 4576
490 120295 119805 64414 4678
490 120295 119805 59573 4893
490 120295 119805 61809 4530
490 120295 119805 60023 4229
490 120295 119805 60928 4179
490 120295 119805 57395 4608
490 120295 119805 63587 4722
490 120295 119805 58820 5082
490 120295 119805 57786 4734
490 120295 119805 59379 4660
490 120295 119805 61402 4862
490 120295 119805 61470 4345
490 120295 119805 63060 4904
500 125250 124750 61960 4322
500 125250 124750 61577 4896
500 125250 124750 64392 5169
500 125250 124750 61302 5309
500 125250 124750 61730 5156
500 125250 124750 63284 4947
500 125250 124750 61778 5092
500 125250 124750 62846 4713
500 125250 124750 58302 5502
500 125250 124750 59189 4790
500 125250 124750 63731 5011
500 125250 124750 63136 5119
500 125250 124750 62382 4499
500 125250 124750 61989 4694
500 125250 124750 60950 5228
510 130305 129795 64979 4813
510 130305 129795 67662 4584
510 130305 129795 69283 4521
510 130305 129795 64373 4737
510 130305 129795 68988 4968
510 130305 129795 64031 4857
510 130305 129795 64718 4554
510 130305 129795 65022 5391
510 130305 129795 66547 4428
510 130305 129795 63747 4522
510 130305 129795 65645 4724
510 130305 129795 64705 4880
510 130305 129795 66216 4693
510 130305 129795 63472 4521
510 130305 129795 64272 4999
520 135460 134940 68413 5502
520 135460 134940 65288 5298
520 135460 134940 67991 4937
520 135460 134940 64561 6114
520 135460 134940 66743 5208
520 135460 134940 70279 5120
520 135460 134940 67242 4582
520 135460 134940 69117 4837
520 135460 134940 69355 5351
520 135460 134940 62421 4771
520 135460 134940 65588 4984
520 135460 134940 66117 6991
520 135460 134940 64870 5199
520 135460 134940 69389 5348
520 135460 134940 69866 4655
530 140715 140185 70302 5137
530 140715 140185 69707 4899
530 140715 140185 74045 4620
530 140715 140185 69200 5220
530 140715 140185 70202 4803
530 140715 140185 70610 4841
530 140715 140185 70808 4769
530 140715 140185 70366 4726
530 140715 140185 71323 5033
530 140715 140185 71006 5193
530 140715 140185 69407 4733
530 140715 140185 67362 5152
530 140715 140185 69641 5167
530 140715 140185 68670 5458
530 140715 140185 69769 5543
540 146070 145530 73611 5391
540 146070 145530 70519 5604
540 146070 145530 73997 5111
540 146070 145530 68152 5080
540 146070 145530 71001 5425
540 146070 145530 68375 5052
540 146070 145530 73759 5059
540 146070 145530 73929 5383
540 146070 145530 71823 5487
540 146070 145530 73309 5663
540 146070 145530 71275 5485
540 146070 145530 74160 5631
540 146070 145530 74646 5354
540 146070 145530 71808 5837
540 146070 145530 75296 5112
550 151525 150975 73603 5218
550 151525 150975 72882 5323
550 151525 150975 76506 5422
550 151525 150975 75138 5917
550 151525 150975 73591 5444
550 151525 150975 76818 5106
550 151525 150975 75613 5335
550 151525 150975 78141 5413
550 151525 150975 76516 5340
550 151525 150975 76636 5673
550 151525 150975 76064 5450
550 151525 150975 73435 4740
550 151525 150975 74070 5295
550 151525 150975 73536 5362
550 151525 150975 74661 5653
560 157080 156520 79011 5499
560 157080 156520 77906 5441
560 157080 156520 78414 5790
560 157080 156520 74791 5489
560 157080 156520 79707 5506
560 157080 156520 78046 6231
560 157080 156520 78796 5748
560 157080 156520 80159 6043
560 157080 156520 78641 5892
560 157080 156520 75275 5834
560 157080 156520 80156 5211
560 157080 156520 78955 5701
560 157080 156520 79624 5833
560 157080 156520 74058 5381
560 157080 156520 81077 6045
570 162735 162165 81280 5704
570 162735 162165 79435 5859
570 162735 162165 81112 5447
570 162735 162165 80733 5323
570 162735 162165 85119 5896
570 162735 162165 80716 5676
570 162735 162165 78408 5889
570 162735 162165 79125 5005
570 162735 162165 77035 5498
570 162735 162165 81836 5825
570 162735 162165 81616 5223
570 162735 162165 84379 6755
570 162735 162165 80892 6043
570 162735 162165 79142 5348
570 162735 162165 78812 5091
580 168490 167910 83952 5789
580 168490 167910 82392 5572
580 168490 167910 81333 5995
580 168490 167910 83874 5996
580 168490 167910 85563 5549
580 168490 167910 82848 5617
580 168490 167910 82172 6252
580 168490 167910 83760 5570
580 168490 167910 86547 5586
580 168490 167910 83140 5417
580 168490 167910 77536 5303
580 168490 167910 84917 5320
580 168490 167910 80139 5768
580 168490 167910 87430 6566
580 168490 167910 82468 5151
590 174345 173755 89453 5316
590 174345 173755 84577 6012
590 174345 173755 87332 6213
590 174345 173755 88796 5552
590 174345 173755 86136 5997
590 174345 173755 86436 5321
590 174345 173755 87595 5434
590 174345 173755 89305 5666
590 174345 173755 90350 5721
590 174345 173755 84972 5950
590 174345 173755 87310 6269
590 174345 173755 85901 5305
590 174345 173755 87950 6465
590 174345 173755 86795 5869
590 174345 173755 86258 5301
600 180300 179700 90219 6004
600 180300 179700 86897 6038
600 180300 179700 86526 5926
600 180300 179700 91478 5694
600 180300 179700 86673 6611
600 180300 179700 90207 6297
600 180300 179700 90166 5610
600 180300 179700 85249 5755
600 180300 179700 92247 5587
600 180300 179700 92809 5809
600 180300 179700 89485 5835
600 180300 179700 91325 5874
600 180300 179700 89005 5753
600 180300 179700 90404 5942
600 180300 179700 88465 5671
610 186355 185745 91887 6891
610 186355 185745 90020 5877
610 186355 185745 92172 6227
610 186355 185745 93382 5888
610 186355 185745 93695 5561
610 186355 185745 92507 6051
610 186355 185745 89573 5850
610 186355 185745 92585 6935
610 186355 185745 95741 5864
610 186355 185745 93564 6814
610 186355 185745 91409 6069
610 186355 185745 91106 5473
610 186355 185745 96405 5817
610 186355 185745 95756 5853
610 186355 185745 93600 6328
620 192510 191890 93025 7091
620 192510 191890 96149 6669
620 192510 191890 96496 6462
620 192510 191890 95424 6322
620 192510 191890 94624 6163
620 192510 191890 100004 6329
620 192510 191890 98300 6456
620 192510 191890 93402 6243
620 192510 191890 97678 5942
620 192510 191890 93107 6706
620 192510 191890 99180 5482
620 192510 191890 95288 6758
620 192510 191890 95006 6121
620 192510 191890 96636 5610
620 192510 191890 99286 6073
630 198765 198135 103597 5821
630 198765 198135 100713 5981
630 198765 198135 99750 6573
630 198765 198135 96133 5772
630 198765 198135 101297 6255
630 198765 198135 96334 6697
630 198765 198135 95457 6302
630 198765 198135 97077 6855
630 198765 198135 97060 6060
630 198765 198135 102843 6187
630 198765 198135 99923 6841
630 198765 198135 100583 7724
630 198765 198135 101437 6202
630 198765 198135 102501 6243
630 198765 198135 100376 6509
640 205120 204480 104118 8198
640 205120 204480 103195 6125
640 205120 204480 105856 6613
640 205120 204480 101191 6186
640 205120 204480 100610 6944
640 205120 204480 101177 5939
640 205120 204480 102447 6312
640 205120 204480 100598 6690
640 205120 204480 97553 6111
640 205120 204480 103208 5916
640 205120 204480 101376 6324
640 205120 204480 104796 7650
640 205120 204480 102074 6591
640 205120 204480 105462 6787
640 205120 204480 101643 6694
650 211575 210925 107221 6658
650 211575 210925 103670 6508
650 211575 210925 105188 6620
650 211575 210925 100437 6242
650 211575 210925 102522 7204
650 211575 210925 106503 6716
650 211575 210925 104426 7027
650 211575 210925 108652 6918
650 211575 210925 102563 6949
650 211575 210925 105071 6555
650 211575 210925 106882 6986
650 211575 210925 104026 6663
650 211575 210925 106997 6555
650 211575 210925 99643 6446
650 211575 210925 104050 8218
660 218130 217470 107095 6410
660 218130 217470 107369 7483
660 218130 217470 108906 6182
660 218130 217470 111345 6707
660 218130 217470 105844 6681
660 218130 217470 107511 7022
660 218130 217470 113472 7431
660 218130 217470 104893 7097
660 218130 217470 105129 6457
660 218130 217470 104169 6420
660 218130 217470 113376 6624
660 218130 217470 108401 6899
660 218130 217470 112977 6862
660 218130 217470 113396 6863
660 218130 217470 104964 6349
670 224785 224115 115363 6876
670 224785 224115 113053 6977
670 224785 224115 112492 6645
670 224785 224115 112583 6873
670 224785 224115 110368 7232
670 224785 224115 111329 6950
670 224785 224115 117293 7413
670 224785 224115 110239 7842
670 224785 224115 114222 6954
670 224785 224115 113611 7121
670 224785 224115 110880 6511
670 224785 224115 113061 6748
670 224785 224115 110352 8315
670 224785 224115 115068 6795
670 224785 224115 110508 7301
680 231540 230860 113070 6814
680 231540 230860 115812 6724
680 231540 230860 111644 6752
680 231540 230860 110474 6550
680 231540 230860 108411 6827
680 231540 230860 116546 6531
680 231540 230860 117965 6441
680 231540 230860 123057 6740
680 231540 230860 118361 7424
680 231540 230860 117815 7091
680 231540 230860 113387 6267
680 231540 230860 112080 6364
680 231540 230860 115031 6388
680 231540 230860 114301 6632
680 231540 230860 116062 6862
690 238395 237705 121269 6515
690 238395 237705 119134 7194
690 238395 237705 119147 6505
690 238395 237705 120411 7556
690 238395 237705 116932 6955
690 238395 237705 122720 7026
690 238395 237705 115440 6734
690 238395 237705 120219 7272
690 238395 237705 116021 7462
690 238395 237705 116509 6775
690 238395 237705 115454 6912
690 238395 237705 121574 6924
690 238395 237705 121672 6762
690 238395 237705 116555 6719
690 238395 237705 120642 6911
700 245350 244650 116770 7395
700 245350 244650 120493 8514
700 245350 244650 120200 6961
700 245350 244650 124328 6769
700 245350 244650 122503 6843
700 245350 244650 125767 7328
700 245350 244650 127454 7429
700 245350 244650 118152 6991
700 245350 244650 118663 7356
700 245350 244650 119820 8025
700 245350 244650 124691 7153
700 245350 244650 124737 7705
700 245350 244650 121666 7096
700 245350 244650 122471 7170
700 245350 244650 119515 7456
710 252405 251695 128512 6893
710 252405 251695 128542 6858
710 252405 251695 120993 7051
710 252405 251695 130368 7493
710 252405 251695 127278 7591
710 252405 251695 122707 7677
710 252405 251695 127440 7419
710 252405 251695 124104 7104
710 252405 251695 124062 7934
710 252405 251695 127577 6944
710 252405 251695 126094 7924
710 252405 251695 127146 7465
710 252405 251695 126360 6789
710 252405 251695 131270 7822
710 252405 251695 127861 7012
720 259560 258840 128110 7027
720 259560 258840 130600 7350
720 259560 258840 125919 7259
720 259560 258840 131470 6777
720 259560 258840 127862 7548
720 259560 258840 127465 7447
720 259560 258840 126567 7216
720 259560 258840 128519 7133
720 259560 258840 129302 7483
720 259560 258840 130192 8372
720 259560 258840 131703 7410
720 259560 258840 127203 7584
720 259560 258840 136886 8674
720 259560 258840 130944 6867
720 259560 258840 129478 7062
730 266815 266085 129211 8704
730 266815 266085 133292 7530
730 266815 266085 132846 8609
730 266815 266085 131052 7107
730 266815 266085 135761 8033
730 266815 266085 136827 8106
730 266815 266085 124829 8111
730 266815 266085 134966 6817
730 266815 266085 133247 7198
730 266815 266085 132354 7460
730 266815 266085 134423 7320
730 266815 266085 134453 8778
730 266815 266085 134025 7237
730 266815 266085 128717 7131
730 266815 266085 129238 9321
740 274170 273430 138324 7778
740 274170 273430 135287 7774
740 274170 273430 131288 7907
740 274170 273430 142067 7212
740 274170 273430 133602 8405
740 274170 273430 141208 7936
740 274170 273430 133443 7540
740 274170 273430 135526 7115
740 274170 273430 131761 7317
740 274170 273430 133961 7898
740 274170 273430 137425 7616
740 274170 273430 139267 8021
740 274170 273430 132793 7354
740 274170 273430 136128 7644
740 274170 273430 130786 7709
750 281625 280875 144721 8164
750 281625 280875 141849 7477
750 281625 280875 141341 8216
750 281625 280875 137660 7312
750 281625 280875 141484 7624
750 281625 280875 131158 7953
750 281625 280875 148795 8906
750 281625 280875 140270 7537
750 281625 280875 147181 7582
750 281625 280875 137169 7594
750 281625 280875 136128 8262
750 281625 280875 140569 7556
750 281625 280875 145640 9059
750 281625 280875 136311 7432
750 281625 280875 139717 7806
760 289180 288420 147295 7707
760 289180 288420 142288 7906
760 289180 288420 141225 7949
760 289180 288420 147604 8276
760 289180 288420 143118 7606
760 289180 288420 142880 7400
760 289180 288420 146060 8111
760 289180 288420 151209 7135
760 289180 288420 139960 7836
760 289180 288420 145267 7682
760 289180 288420 139179 7554
760 289180 288420 138514 7894
760 289180 288420 147479 9438
760 289180 288420 144234 8838
760 289180 288420 145201 8100
770 296835 296065 148350 8196
770 296835 296065 151445 8871
770 296835 296065 142806 7800
770 296835 296065 145171 8758
770 296835 296065 151871 8522
770 296835 296065 143475 8110
770 296835 296065 145466 8083
770 296835 296065 150374 7812
770 296835 296065 155693 7737
770 296835 296065 150901 7725
770 296835 296065 147514 8668
770 296835 296065 152547 7694
770 296835 296065 146949 7542
770 296835 296065 144537 10373
770 296835 296065 143519 7587
780 304590 303810 152141 9220
780 304590 303810 148927 7814
780 304590 303810 155960 7676
780 304590 303810 155047 8063
780 304590 303810 155385 8219
780 304590 303810 155582 8312
780 304590 303810 147782 8200
780 304590 303810 148066 8778
780 304590 303810 157426 8447
780 304590 303810 147668 8273
780 304590 303810 155207 8529
780 304590 303810 146975 8412
780 304590 303810 158003 7975
780 304590 303810 155738 7947
780 304590 303810 147724 8202
790 312445 311655 156359 9031
790 312445 311655 159572 8407
790 312445 311655 158954 7436
790 312445 311655 151848 8748
790 312445 311655 154638 8728
790 312445 311655 153243 8009
790 312445 311655 153637 8431
790 312445 311655 158962 8476
790 312445 311655 155916 8041
790 312445 311655 156603 8164
790 312445 311655 160563 9007
790 312445 311655 151034 8576
790 312445 311655 159707 8552
790 312445 311655 156492 7335
790 312445 311655 157787 8270
800 320400 319600 161920 8458
800 320400 319600 164396 8026
800 320400 319600 161691 7888
800 320400 319600 159601 8495
800 320400 319600 163839 8939
800 320400 319600 158139 8434
800 320400 319600 157870 9176
800 320400 319600 158496 8073
800 320400 319600 154427 9068
800 320400 319600 160177 8196
800 320400 319600 161783 7576
800 320400 319600 162958 8375
800 320400 319600 160441 8798
800 320400 319600 161286 9176
800 320400 319600 156113 8313
810 328455 327645 166037 8361
810 328455 327645 161551 8994
810 328455 327645 158632 8400
810 328455 327645 159909 8509
810 328455 327645 161999 10095
810 328455 327645 167213 8065
810 328455 327645 163718 9302
810 328455 327645 160757 8292
810 328455 327645 161531 8531
810 328455 327645 172976 8217
810 328455 327645 161235 8334
810 328455 327645 163989 9303
810 328455 327645 169863 9498
810 328455 327645 163352 7977
810 328455 327645 170788 8513
820 336610 335790 167465 9143
820 336610 335790 159183 8528
820 336610 335790 167904 9056
820 336610 335790 165387 8624
820 336610 335790 172417 8288
820 336610 335790 171257 7962
820 336610 335790 164567 8581
820 336610 335790 172126 8426
820 336610 335790 168190 8081
820 336610 335790 168597 8740
820 336610 335790 164721 8402
820 336610 335790 170637 7920
820 336610 335790 169438 8976
820 336610 335790 170778 9031
820 336610 335790 169270 8279
830 344865 344035 173837 9053
830 344865 344035 173207 8823
830 344865 344035 170001 8453
830 344865 344035 174252 9217
830 344865 344035 172185 9549
830 344865 344035 182254 8163
830 344865 344035 175859 8547
830 344865 344035 169215 9410
830 344865 344035 170974 8808
830 344865 344035 174140 9086
830 344865 344035 172003 8759
830 344865 344035 168304 8888
830 344865 344035 175746 8762
830 344865 344035 172942 8576
830 344865 344035 174176 8892
840 353220 352380 173540 8217
840 353220 352380 179489 10171
840 353220 352380 179361 9753
840 353220 352380 172816 8646
840 353220 352380 177175 9575
840 353220 352380 175302 9144
840 353220 352380 172426 9429
840 353220 352380 170874 9077
840 353220 352380 175449 8496
840 353220 352380 173400 9195
840 353220 352380 175675 9815
840 353220 352380 182279 8516
840 353220 352380 181764 8431
840 353220 352380 173368 8260
840 353220 352380 180540 9999
850 361675 360825 181609 8640
850 361675 360825 182457 8599
850 361675 360825 175054 9074
850 361675 360825 187660 9455
850 361675 360825 181640 9323
850 361675 360825 177197 8787
850 361675 360825 178865 8785
850 361675 360825 183181 8800
850 361675 360825 179649 10526
850 361675 360825 186241 8448
850 361675 360825 176120 8367
850 361675 360825 179430 9237
850 361675 360825 183210 8406
850 361675 360825 177992 8599
850 361675 360825 180755 8919
860 370230 369370 179144 8702
860 370230 369370 184559 8362
860 370230 369370 186098 9824
860 370230 369370 176883 10334
860 370230 369370 186788 9680
860 370230 369370 186450 11564
860 370230 369370 185721 9934
860 370230 369370 183288 9054
860 370230 369370 191424 8943
860 370230 369370 189089 8625
860 370230 369370 184722 9565
860 370230 369370 192133 9679
860 370230 369370 181682 9347
860 370230 369370 181577 9899
860 370230 369370 179262 8637
870 378885 378015 182896 9905
870 378885 378015 196211 9214
870 378885 378015 189840 8868
870 378885 378015 190486 9221
870 378885 378015 189841 9525
870 378885 378015 190202 9399
870 378885 378015 183322 9026
870 378885 378015 180466 8567
870 378885 378015 192823 8741
870 378885 378015 192259 9657
870 378885 378015 188716 9549
870 378885 378015 187330 9476
870 378885 378015 184235 8878
870 378885 378015 193002 10208
870 378885 378015 186944 9039
880 387640 386760 195224 8628
880 387640 386760 202832 8660
880 387640 386760 188867 9571
880 387640 386760 203367 9888
880 387640 386760 195166 8925
880 387640 386760 201909 9082
880 387640 386760 189871 9463
880 387640 386760 188327 8848
880 387640 386760 194622 9499
880 387640 386760 190184 9494
880 387640 386760 199481 9746
880 387640 386760 193758 8503
880 387640 386760 193757 9934
880 387640 386760 194728 8768
880 387640 386760 195202 9148
890 396495 395605 196953 9953
890 396495 395605 204096 9014
890 396495 395605 197331 9438
890 396495 395605 199910 9986
890 396495 395605 193897 10544
890 396495 395605 201774 9404
890 396495 395605 192881 8700
890 396495 395605 197362 9508
890 396495 395605 210966 10071
890 396495 395605 200515 9302
890 396495 395605 195961 8855
890 396495 395605 199885 9505
890 396495 395605 191783 10622
890 396495 395605 189621 9523
890 396495 395605 198789 8963
900 405450 404550 198396 10546
900 405450 404550 198609 9912
900 405450 404550 203845 10683
900 405450 404550 204951 10096
900 405450 404550 204814 10004
900 405450 404550 197127 10712
900 405450 404550 196585 9302
900 405450 404550 210016 10253
900 405450 404550 193878 10119
900 405450 404550 198499 9027
900 405450 404550 207754 9887
900 405450 404550 198933 9695
900 405450 404550 194777 9775
900 405450 404550 203433 9086
900 405450 404550 210769 9281
910 414505 413595 196989 9442
910 414505 413595 209269 9407
910 414505 413595 215183 9432
910 414505 413595 208031 9962
910 414505 413595 201231 9471
910 414505 413595 201945 9944
910 414505 413595 205900 9926
910 414505 413595 212616 9260
910 414505 413595 205247 9884
910 414505 413595 205547 9980
910 414505 413595 213167 10106
910 414505 413595 216669 9965
910 414505 413595 208018 10810
910 414505 413595 210380 9816
910 414505 413595 212564 10509
920 423660 422740 221284 9656
920 423660 422740 216962 9189
920 423660 422740 218595 10381
920 423660 422740 215714 9731
920 423660 422740 220961 10874
920 423660 422740 212248 10965
920 423660 422740 213554 9207
920 423660 422740 209260 9326
920 423660 422740 212106 12502
920 423660 422740 212396 9992
920 423660 422740 202346 10161
920 423660 422740 215275 10201
920 423660 422740 209345 10372
920 423660 422740 205017 9619
920 423660 422740 210994 9750
930 432915 431985 219533 9681
930 432915 431985 216673 9990
930 432915 431985 208330 9779
930 432915 431985 223253 10367
930 432915 431985 220932 9675
930 432915 431985 212479 10320
930 432915 431985 214145 9668
930 432915 431985 213721 10301
930 432915 431985 216361 10231
930 432915 431985 216511 9750
930 432915 431985 213021 9889
930 432915 431985 224586 9316
930 432915 431985 220044 10047
930 432915 431985 208501 11447
930 432915 431985 226723 9691
940 442270 441330 219353 10668
940 442270 441330 217418 9770
940 442270 441330 220632 10029
940 442270 441330 224821 11020
940 442270 441330 225562 10639
940 442270 441330 222457 9765
940 442270 441330 226528 9738
940 442270 441330 219769 10211
940 442270 441330 228848 11310
940 442270 441330 221900 10445
940 442270 441330 221761 10646
940 442270 441330 217684 10118
940 442270 441330 218538 9601
940 442270 441330 220378 10079
940 442270 441330 226227 9533
950 451725 450775 222186 9500
950 451725 450775 232699 10674
950 451725 450775 226724 10734
950 451725 450775 217264 10091
950 451725 450775 229279 9749
950 451725 450775 230100 10657
950 451725 450775 230729 9341
950 451725 450775 229234 9780
950 451725 450775 227863 9697
950 451725 450775 220027 10266
950 451725 450775 227944 10444
950 451725 450775 217985 10728
950 451725 450775 221455 10912
950 451725 450775 228243 9677
950 451725 450775 227900 10196
960 461280 460320 229290 11497
960 461280 460320 230740 10977
960 461280 460320 231162 9839
960 461280 460320 230859 10145
960 461280 460320 220173 10101
960 461280 460320 227275 10285
960 461280 460320 233845 10331
960 461280 460320 233558 10874
960 461280 460320 236472 11045
960 461280 460320 221945 10589
960 461280 460320 233587 10579
960 461280 460320 226917 10262
960 461280 460320 228875 9647
960 461280 460320 221481 9995
960 461280 460320 230383 9803
970 470935 469965 230334 11348
970 470935 469965 235986 10935
970 470935 469965 236522 10195
970 470935 469965 236726 10805
970 470935 469965 235534 10698
970 470935 469965 223098 10344
970 470935 469965 231553 10648
970 470935 469965 236313 10349
970 470935 469965 224037 10234
970 470935 469965 231659 9553
970 470935 469965 236130 10141
970 470935 469965 236258 11742
970 470935 469965 228355 10084
970 470935 469965 231769 9835
970 470935 469965 233841 10070
980 480690 479710 249221 10442
980 480690 479710 235001 10796
980 480690 479710 238840 10393
980 480690 479710 242393 10265
980 480690 479710 240972 10283
980 480690 479710 239518 10726
980 480690 479710 242543 10974
980 480690 479710 238348 11268
980 480690 479710 235683 10175
980 480690 479710 239772 10711
980 480690 479710 240222 10238
980 480690 479710 240238 10391
980 480690 479710 233140 10518
980 480690 479710 241592 11341
980 480690 479710 247241 10886
990 490545 489555 250329 10381
990 490545 489555 245665 10093
990 490545 489555 247558 11396
990 490545 489555 247574 10515
990 490545 489555 245348 10833
990 490545 489555 240357 11657
990 490545 489555 247188 11881
990 490545 489555 251550 10451
990 490545 489555 243216 10707
990 490545 489555 249010 11534
990 490545 489555 243807 11698
990 490545 489555 239650 9941
990 490545 489555 238386 10849
990 490545 489555 249986 11077
990 490545 489555 251814 10322
